2000 1000000000
0 1000000 0
500000 1000000 1
1000000 1000000 2
1500000 1000000 3
2000000 1000000 4
2500000 1000000 5
3000000 1000000 6
3500000 1000000 7
4000000 1000000 8
4500000 1000000 9
5000000 1000000 10
5500000 1000000 11
6000000 1000000 12
6500000 1000000 13
7000000 1000000 14
7500000 1000000 15
8000000 1000000 16
8500000 1000000 17
9000000 1000000 18
9500000 1000000 19
10000000 1000000 20
10500000 1000000 21
11000000 1000000 22
11500000 1000000 23
12000000 1000000 24
12500000 1000000 25
13000000 1000000 26
13500000 1000000 27
14000000 1000000 28
14500000 1000000 29
15000000 1000000 30
15500000 1000000 31
16000000 1000000 32
16500000 1000000 33
17000000 1000000 34
17500000 1000000 35
18000000 1000000 36
18500000 1000000 37
19000000 1000000 38
19500000 1000000 39
20000000 1000000 40
20500000 1000000 41
21000000 1000000 42
21500000 1000000 43
22000000 1000000 44
22500000 1000000 45
23000000 1000000 46
23500000 1000000 47
24000000 1000000 48
24500000 1000000 49
25000000 1000000 50
25500000 1000000 51
26000000 1000000 52
26500000 1000000 53
27000000 1000000 54
27500000 1000000 55
28000000 1000000 56
28500000 1000000 57
29000000 1000000 58
29500000 1000000 59
30000000 1000000 60
30500000 1000000 61
31000000 1000000 62
31500000 1000000 63
32000000 1000000 64
32500000 1000000 65
33000000 1000000 66
33500000 1000000 67
34000000 1000000 68
34500000 1000000 69
35000000 1000000 70
35500000 1000000 71
36000000 1000000 72
36500000 1000000 73
37000000 1000000 74
37500000 1000000 75
38000000 1000000 76
38500000 1000000 77
39000000 1000000 78
39500000 1000000 79
40000000 1000000 80
40500000 1000000 81
41000000 1000000 82
41500000 1000000 83
42000000 1000000 84
42500000 1000000 85
43000000 1000000 86
43500000 1000000 87
44000000 1000000 88
44500000 1000000 89
45000000 1000000 90
45500000 1000000 91
46000000 1000000 92
46500000 1000000 93
47000000 1000000 94
47500000 1000000 95
48000000 1000000 96
48500000 1000000 97
49000000 1000000 98
49500000 1000000 99
50000000 1000000 100
50500000 1000000 101
51000000 1000000 102
51500000 1000000 103
52000000 1000000 104
52500000 1000000 105
53000000 1000000 106
53500000 1000000 107
54000000 1000000 108
54500000 1000000 109
55000000 1000000 110
55500000 1000000 111
56000000 1000000 112
56500000 1000000 113
57000000 1000000 114
57500000 1000000 115
58000000 1000000 116
58500000 1000000 117
59000000 1000000 118
59500000 1000000 119
60000000 1000000 120
60500000 1000000 121
61000000 1000000 122
61500000 1000000 123
62000000 1000000 124
62500000 1000000 125
63000000 1000000 126
63500000 1000000 127
64000000 1000000 128
64500000 1000000 129
65000000 1000000 130
65500000 1000000 131
66000000 1000000 132
66500000 1000000 133
67000000 1000000 134
67500000 1000000 135
68000000 1000000 136
68500000 1000000 137
69000000 1000000 138
69500000 1000000 139
70000000 1000000 140
70500000 1000000 141
71000000 1000000 142
71500000 1000000 143
72000000 1000000 144
72500000 1000000 145
73000000 1000000 146
73500000 1000000 147
74000000 1000000 148
74500000 1000000 149
75000000 1000000 150
75500000 1000000 151
76000000 1000000 152
76500000 1000000 153
77000000 1000000 154
77500000 1000000 155
78000000 1000000 156
78500000 1000000 157
79000000 1000000 158
79500000 1000000 159
80000000 1000000 160
80500000 1000000 161
81000000 1000000 162
81500000 1000000 163
82000000 1000000 164
82500000 1000000 165
83000000 1000000 166
83500000 1000000 167
84000000 1000000 168
84500000 1000000 169
85000000 1000000 170
85500000 1000000 171
86000000 1000000 172
86500000 1000000 173
87000000 1000000 174
87500000 1000000 175
88000000 1000000 176
88500000 1000000 177
89000000 1000000 178
89500000 1000000 179
90000000 1000000 180
90500000 1000000 181
91000000 1000000 182
91500000 1000000 183
92000000 1000000 184
92500000 1000000 185
93000000 1000000 186
93500000 1000000 187
94000000 1000000 188
94500000 1000000 189
95000000 1000000 190
95500000 1000000 191
96000000 1000000 192
96500000 1000000 193
97000000 1000000 194
97500000 1000000 195
98000000 1000000 196
98500000 1000000 197
99000000 1000000 198
99500000 1000000 199
100000000 1000000 200
100500000 1000000 201
101000000 1000000 202
101500000 1000000 203
102000000 1000000 204
102500000 1000000 205
103000000 1000000 206
103500000 1000000 207
104000000 1000000 208
104500000 1000000 209
105000000 1000000 210
105500000 1000000 211
106000000 1000000 212
106500000 1000000 213
107000000 1000000 214
107500000 1000000 215
108000000 1000000 216
108500000 1000000 217
109000000 1000000 218
109500000 1000000 219
110000000 1000000 220
110500000 1000000 221
111000000 1000000 222
111500000 1000000 223
112000000 1000000 224
112500000 1000000 225
113000000 1000000 226
113500000 1000000 227
114000000 1000000 228
114500000 1000000 229
115000000 1000000 230
115500000 1000000 231
116000000 1000000 232
116500000 1000000 233
117000000 1000000 234
117500000 1000000 235
118000000 1000000 236
118500000 1000000 237
119000000 1000000 238
119500000 1000000 239
120000000 1000000 240
120500000 1000000 241
121000000 1000000 242
121500000 1000000 243
122000000 1000000 244
122500000 1000000 245
123000000 1000000 246
123500000 1000000 247
124000000 1000000 248
124500000 1000000 249
125000000 1000000 250
125500000 1000000 251
126000000 1000000 252
126500000 1000000 253
127000000 1000000 254
127500000 1000000 255
128000000 1000000 256
128500000 1000000 257
129000000 1000000 258
129500000 1000000 259
130000000 1000000 260
130500000 1000000 261
131000000 1000000 262
131500000 1000000 263
132000000 1000000 264
132500000 1000000 265
133000000 1000000 266
133500000 1000000 267
134000000 1000000 268
134500000 1000000 269
135000000 1000000 270
135500000 1000000 271
136000000 1000000 272
136500000 1000000 273
137000000 1000000 274
137500000 1000000 275
138000000 1000000 276
138500000 1000000 277
139000000 1000000 278
139500000 1000000 279
140000000 1000000 280
140500000 1000000 281
141000000 1000000 282
141500000 1000000 283
142000000 1000000 284
142500000 1000000 285
143000000 1000000 286
143500000 1000000 287
144000000 1000000 288
144500000 1000000 289
145000000 1000000 290
145500000 1000000 291
146000000 1000000 292
146500000 1000000 293
147000000 1000000 294
147500000 1000000 295
148000000 1000000 296
148500000 1000000 297
149000000 1000000 298
149500000 1000000 299
150000000 1000000 300
150500000 1000000 301
151000000 1000000 302
151500000 1000000 303
152000000 1000000 304
152500000 1000000 305
153000000 1000000 306
153500000 1000000 307
154000000 1000000 308
154500000 1000000 309
155000000 1000000 310
155500000 1000000 311
156000000 1000000 312
156500000 1000000 313
157000000 1000000 314
157500000 1000000 315
158000000 1000000 316
158500000 1000000 317
159000000 1000000 318
159500000 1000000 319
160000000 1000000 320
160500000 1000000 321
161000000 1000000 322
161500000 1000000 323
162000000 1000000 324
162500000 1000000 325
163000000 1000000 326
163500000 1000000 327
164000000 1000000 328
164500000 1000000 329
165000000 1000000 330
165500000 1000000 331
166000000 1000000 332
166500000 1000000 333
167000000 1000000 334
167500000 1000000 335
168000000 1000000 336
168500000 1000000 337
169000000 1000000 338
169500000 1000000 339
170000000 1000000 340
170500000 1000000 341
171000000 1000000 342
171500000 1000000 343
172000000 1000000 344
172500000 1000000 345
173000000 1000000 346
173500000 1000000 347
174000000 1000000 348
174500000 1000000 349
175000000 1000000 350
175500000 1000000 351
176000000 1000000 352
176500000 1000000 353
177000000 1000000 354
177500000 1000000 355
178000000 1000000 356
178500000 1000000 357
179000000 1000000 358
179500000 1000000 359
180000000 1000000 360
180500000 1000000 361
181000000 1000000 362
181500000 1000000 363
182000000 1000000 364
182500000 1000000 365
183000000 1000000 366
183500000 1000000 367
184000000 1000000 368
184500000 1000000 369
185000000 1000000 370
185500000 1000000 371
186000000 1000000 372
186500000 1000000 373
187000000 1000000 374
187500000 1000000 375
188000000 1000000 376
188500000 1000000 377
189000000 1000000 378
189500000 1000000 379
190000000 1000000 380
190500000 1000000 381
191000000 1000000 382
191500000 1000000 383
192000000 1000000 384
192500000 1000000 385
193000000 1000000 386
193500000 1000000 387
194000000 1000000 388
194500000 1000000 389
195000000 1000000 390
195500000 1000000 391
196000000 1000000 392
196500000 1000000 393
197000000 1000000 394
197500000 1000000 395
198000000 1000000 396
198500000 1000000 397
199000000 1000000 398
199500000 1000000 399
200000000 1000000 400
200500000 1000000 401
201000000 1000000 402
201500000 1000000 403
202000000 1000000 404
202500000 1000000 405
203000000 1000000 406
203500000 1000000 407
204000000 1000000 408
204500000 1000000 409
205000000 1000000 410
205500000 1000000 411
206000000 1000000 412
206500000 1000000 413
207000000 1000000 414
207500000 1000000 415
208000000 1000000 416
208500000 1000000 417
209000000 1000000 418
209500000 1000000 419
210000000 1000000 420
210500000 1000000 421
211000000 1000000 422
211500000 1000000 423
212000000 1000000 424
212500000 1000000 425
213000000 1000000 426
213500000 1000000 427
214000000 1000000 428
214500000 1000000 429
215000000 1000000 430
215500000 1000000 431
216000000 1000000 432
216500000 1000000 433
217000000 1000000 434
217500000 1000000 435
218000000 1000000 436
218500000 1000000 437
219000000 1000000 438
219500000 1000000 439
220000000 1000000 440
220500000 1000000 441
221000000 1000000 442
221500000 1000000 443
222000000 1000000 444
222500000 1000000 445
223000000 1000000 446
223500000 1000000 447
224000000 1000000 448
224500000 1000000 449
225000000 1000000 450
225500000 1000000 451
226000000 1000000 452
226500000 1000000 453
227000000 1000000 454
227500000 1000000 455
228000000 1000000 456
228500000 1000000 457
229000000 1000000 458
229500000 1000000 459
230000000 1000000 460
230500000 1000000 461
231000000 1000000 462
231500000 1000000 463
232000000 1000000 464
232500000 1000000 465
233000000 1000000 466
233500000 1000000 467
234000000 1000000 468
234500000 1000000 469
235000000 1000000 470
235500000 1000000 471
236000000 1000000 472
236500000 1000000 473
237000000 1000000 474
237500000 1000000 475
238000000 1000000 476
238500000 1000000 477
239000000 1000000 478
239500000 1000000 479
240000000 1000000 480
240500000 1000000 481
241000000 1000000 482
241500000 1000000 483
242000000 1000000 484
242500000 1000000 485
243000000 1000000 486
243500000 1000000 487
244000000 1000000 488
244500000 1000000 489
245000000 1000000 490
245500000 1000000 491
246000000 1000000 492
246500000 1000000 493
247000000 1000000 494
247500000 1000000 495
248000000 1000000 496
248500000 1000000 497
249000000 1000000 498
249500000 1000000 499
250000000 1000000 500
250500000 1000000 501
251000000 1000000 502
251500000 1000000 503
252000000 1000000 504
252500000 1000000 505
253000000 1000000 506
253500000 1000000 507
254000000 1000000 508
254500000 1000000 509
255000000 1000000 510
255500000 1000000 511
256000000 1000000 512
256500000 1000000 513
257000000 1000000 514
257500000 1000000 515
258000000 1000000 516
258500000 1000000 517
259000000 1000000 518
259500000 1000000 519
260000000 1000000 520
260500000 1000000 521
261000000 1000000 522
261500000 1000000 523
262000000 1000000 524
262500000 1000000 525
263000000 1000000 526
263500000 1000000 527
264000000 1000000 528
264500000 1000000 529
265000000 1000000 530
265500000 1000000 531
266000000 1000000 532
266500000 1000000 533
267000000 1000000 534
267500000 1000000 535
268000000 1000000 536
268500000 1000000 537
269000000 1000000 538
269500000 1000000 539
270000000 1000000 540
270500000 1000000 541
271000000 1000000 542
271500000 1000000 543
272000000 1000000 544
272500000 1000000 545
273000000 1000000 546
273500000 1000000 547
274000000 1000000 548
274500000 1000000 549
275000000 1000000 550
275500000 1000000 551
276000000 1000000 552
276500000 1000000 553
277000000 1000000 554
277500000 1000000 555
278000000 1000000 556
278500000 1000000 557
279000000 1000000 558
279500000 1000000 559
280000000 1000000 560
280500000 1000000 561
281000000 1000000 562
281500000 1000000 563
282000000 1000000 564
282500000 1000000 565
283000000 1000000 566
283500000 1000000 567
284000000 1000000 568
284500000 1000000 569
285000000 1000000 570
285500000 1000000 571
286000000 1000000 572
286500000 1000000 573
287000000 1000000 574
287500000 1000000 575
288000000 1000000 576
288500000 1000000 577
289000000 1000000 578
289500000 1000000 579
290000000 1000000 580
290500000 1000000 581
291000000 1000000 582
291500000 1000000 583
292000000 1000000 584
292500000 1000000 585
293000000 1000000 586
293500000 1000000 587
294000000 1000000 588
294500000 1000000 589
295000000 1000000 590
295500000 1000000 591
296000000 1000000 592
296500000 1000000 593
297000000 1000000 594
297500000 1000000 595
298000000 1000000 596
298500000 1000000 597
299000000 1000000 598
299500000 1000000 599
300000000 1000000 600
300500000 1000000 601
301000000 1000000 602
301500000 1000000 603
302000000 1000000 604
302500000 1000000 605
303000000 1000000 606
303500000 1000000 607
304000000 1000000 608
304500000 1000000 609
305000000 1000000 610
305500000 1000000 611
306000000 1000000 612
306500000 1000000 613
307000000 1000000 614
307500000 1000000 615
308000000 1000000 616
308500000 1000000 617
309000000 1000000 618
309500000 1000000 619
310000000 1000000 620
310500000 1000000 621
311000000 1000000 622
311500000 1000000 623
312000000 1000000 624
312500000 1000000 625
313000000 1000000 626
313500000 1000000 627
314000000 1000000 628
314500000 1000000 629
315000000 1000000 630
315500000 1000000 631
316000000 1000000 632
316500000 1000000 633
317000000 1000000 634
317500000 1000000 635
318000000 1000000 636
318500000 1000000 637
319000000 1000000 638
319500000 1000000 639
320000000 1000000 640
320500000 1000000 641
321000000 1000000 642
321500000 1000000 643
322000000 1000000 644
322500000 1000000 645
323000000 1000000 646
323500000 1000000 647
324000000 1000000 648
324500000 1000000 649
325000000 1000000 650
325500000 1000000 651
326000000 1000000 652
326500000 1000000 653
327000000 1000000 654
327500000 1000000 655
328000000 1000000 656
328500000 1000000 657
329000000 1000000 658
329500000 1000000 659
330000000 1000000 660
330500000 1000000 661
331000000 1000000 662
331500000 1000000 663
332000000 1000000 664
332500000 1000000 665
333000000 1000000 666
333500000 1000000 667
334000000 1000000 668
334500000 1000000 669
335000000 1000000 670
335500000 1000000 671
336000000 1000000 672
336500000 1000000 673
337000000 1000000 674
337500000 1000000 675
338000000 1000000 676
338500000 1000000 677
339000000 1000000 678
339500000 1000000 679
340000000 1000000 680
340500000 1000000 681
341000000 1000000 682
341500000 1000000 683
342000000 1000000 684
342500000 1000000 685
343000000 1000000 686
343500000 1000000 687
344000000 1000000 688
344500000 1000000 689
345000000 1000000 690
345500000 1000000 691
346000000 1000000 692
346500000 1000000 693
347000000 1000000 694
347500000 1000000 695
348000000 1000000 696
348500000 1000000 697
349000000 1000000 698
349500000 1000000 699
350000000 1000000 700
350500000 1000000 701
351000000 1000000 702
351500000 1000000 703
352000000 1000000 704
352500000 1000000 705
353000000 1000000 706
353500000 1000000 707
354000000 1000000 708
354500000 1000000 709
355000000 1000000 710
355500000 1000000 711
356000000 1000000 712
356500000 1000000 713
357000000 1000000 714
357500000 1000000 715
358000000 1000000 716
358500000 1000000 717
359000000 1000000 718
359500000 1000000 719
360000000 1000000 720
360500000 1000000 721
361000000 1000000 722
361500000 1000000 723
362000000 1000000 724
362500000 1000000 725
363000000 1000000 726
363500000 1000000 727
364000000 1000000 728
364500000 1000000 729
365000000 1000000 730
365500000 1000000 731
366000000 1000000 732
366500000 1000000 733
367000000 1000000 734
367500000 1000000 735
368000000 1000000 736
368500000 1000000 737
369000000 1000000 738
369500000 1000000 739
370000000 1000000 740
370500000 1000000 741
371000000 1000000 742
371500000 1000000 743
372000000 1000000 744
372500000 1000000 745
373000000 1000000 746
373500000 1000000 747
374000000 1000000 748
374500000 1000000 749
375000000 1000000 750
375500000 1000000 751
376000000 1000000 752
376500000 1000000 753
377000000 1000000 754
377500000 1000000 755
378000000 1000000 756
378500000 1000000 757
379000000 1000000 758
379500000 1000000 759
380000000 1000000 760
380500000 1000000 761
381000000 1000000 762
381500000 1000000 763
382000000 1000000 764
382500000 1000000 765
383000000 1000000 766
383500000 1000000 767
384000000 1000000 768
384500000 1000000 769
385000000 1000000 770
385500000 1000000 771
386000000 1000000 772
386500000 1000000 773
387000000 1000000 774
387500000 1000000 775
388000000 1000000 776
388500000 1000000 777
389000000 1000000 778
389500000 1000000 779
390000000 1000000 780
390500000 1000000 781
391000000 1000000 782
391500000 1000000 783
392000000 1000000 784
392500000 1000000 785
393000000 1000000 786
393500000 1000000 787
394000000 1000000 788
394500000 1000000 789
395000000 1000000 790
395500000 1000000 791
396000000 1000000 792
396500000 1000000 793
397000000 1000000 794
397500000 1000000 795
398000000 1000000 796
398500000 1000000 797
399000000 1000000 798
399500000 1000000 799
400000000 1000000 800
400500000 1000000 801
401000000 1000000 802
401500000 1000000 803
402000000 1000000 804
402500000 1000000 805
403000000 1000000 806
403500000 1000000 807
404000000 1000000 808
404500000 1000000 809
405000000 1000000 810
405500000 1000000 811
406000000 1000000 812
406500000 1000000 813
407000000 1000000 814
407500000 1000000 815
408000000 1000000 816
408500000 1000000 817
409000000 1000000 818
409500000 1000000 819
410000000 1000000 820
410500000 1000000 821
411000000 1000000 822
411500000 1000000 823
412000000 1000000 824
412500000 1000000 825
413000000 1000000 826
413500000 1000000 827
414000000 1000000 828
414500000 1000000 829
415000000 1000000 830
415500000 1000000 831
416000000 1000000 832
416500000 1000000 833
417000000 1000000 834
417500000 1000000 835
418000000 1000000 836
418500000 1000000 837
419000000 1000000 838
419500000 1000000 839
420000000 1000000 840
420500000 1000000 841
421000000 1000000 842
421500000 1000000 843
422000000 1000000 844
422500000 1000000 845
423000000 1000000 846
423500000 1000000 847
424000000 1000000 848
424500000 1000000 849
425000000 1000000 850
425500000 1000000 851
426000000 1000000 852
426500000 1000000 853
427000000 1000000 854
427500000 1000000 855
428000000 1000000 856
428500000 1000000 857
429000000 1000000 858
429500000 1000000 859
430000000 1000000 860
430500000 1000000 861
431000000 1000000 862
431500000 1000000 863
432000000 1000000 864
432500000 1000000 865
433000000 1000000 866
433500000 1000000 867
434000000 1000000 868
434500000 1000000 869
435000000 1000000 870
435500000 1000000 871
436000000 1000000 872
436500000 1000000 873
437000000 1000000 874
437500000 1000000 875
438000000 1000000 876
438500000 1000000 877
439000000 1000000 878
439500000 1000000 879
440000000 1000000 880
440500000 1000000 881
441000000 1000000 882
441500000 1000000 883
442000000 1000000 884
442500000 1000000 885
443000000 1000000 886
443500000 1000000 887
444000000 1000000 888
444500000 1000000 889
445000000 1000000 890
445500000 1000000 891
446000000 1000000 892
446500000 1000000 893
447000000 1000000 894
447500000 1000000 895
448000000 1000000 896
448500000 1000000 897
449000000 1000000 898
449500000 1000000 899
450000000 1000000 900
450500000 1000000 901
451000000 1000000 902
451500000 1000000 903
452000000 1000000 904
452500000 1000000 905
453000000 1000000 906
453500000 1000000 907
454000000 1000000 908
454500000 1000000 909
455000000 1000000 910
455500000 1000000 911
456000000 1000000 912
456500000 1000000 913
457000000 1000000 914
457500000 1000000 915
458000000 1000000 916
458500000 1000000 917
459000000 1000000 918
459500000 1000000 919
460000000 1000000 920
460500000 1000000 921
461000000 1000000 922
461500000 1000000 923
462000000 1000000 924
462500000 1000000 925
463000000 1000000 926
463500000 1000000 927
464000000 1000000 928
464500000 1000000 929
465000000 1000000 930
465500000 1000000 931
466000000 1000000 932
466500000 1000000 933
467000000 1000000 934
467500000 1000000 935
468000000 1000000 936
468500000 1000000 937
469000000 1000000 938
469500000 1000000 939
470000000 1000000 940
470500000 1000000 941
471000000 1000000 942
471500000 1000000 943
472000000 1000000 944
472500000 1000000 945
473000000 1000000 946
473500000 1000000 947
474000000 1000000 948
474500000 1000000 949
475000000 1000000 950
475500000 1000000 951
476000000 1000000 952
476500000 1000000 953
477000000 1000000 954
477500000 1000000 955
478000000 1000000 956
478500000 1000000 957
479000000 1000000 958
479500000 1000000 959
480000000 1000000 960
480500000 1000000 961
481000000 1000000 962
481500000 1000000 963
482000000 1000000 964
482500000 1000000 965
483000000 1000000 966
483500000 1000000 967
484000000 1000000 968
484500000 1000000 969
485000000 1000000 970
485500000 1000000 971
486000000 1000000 972
486500000 1000000 973
487000000 1000000 974
487500000 1000000 975
488000000 1000000 976
488500000 1000000 977
489000000 1000000 978
489500000 1000000 979
490000000 1000000 980
490500000 1000000 981
491000000 1000000 982
491500000 1000000 983
492000000 1000000 984
492500000 1000000 985
493000000 1000000 986
493500000 1000000 987
494000000 1000000 988
494500000 1000000 989
495000000 1000000 990
495500000 1000000 991
496000000 1000000 992
496500000 1000000 993
497000000 1000000 994
497500000 1000000 995
498000000 1000000 996
498500000 1000000 997
499000000 1000000 998
499500000 1000000 999
500000000 1000000 1000
500500000 1000000 1001
501000000 1000000 1002
501500000 1000000 1003
502000000 1000000 1004
502500000 1000000 1005
503000000 1000000 1006
503500000 1000000 1007
504000000 1000000 1008
504500000 1000000 1009
505000000 1000000 1010
505500000 1000000 1011
506000000 1000000 1012
506500000 1000000 1013
507000000 1000000 1014
507500000 1000000 1015
508000000 1000000 1016
508500000 1000000 1017
509000000 1000000 1018
509500000 1000000 1019
510000000 1000000 1020
510500000 1000000 1021
511000000 1000000 1022
511500000 1000000 1023
512000000 1000000 1024
512500000 1000000 1025
513000000 1000000 1026
513500000 1000000 1027
514000000 1000000 1028
514500000 1000000 1029
515000000 1000000 1030
515500000 1000000 1031
516000000 1000000 1032
516500000 1000000 1033
517000000 1000000 1034
517500000 1000000 1035
518000000 1000000 1036
518500000 1000000 1037
519000000 1000000 1038
519500000 1000000 1039
520000000 1000000 1040
520500000 1000000 1041
521000000 1000000 1042
521500000 1000000 1043
522000000 1000000 1044
522500000 1000000 1045
523000000 1000000 1046
523500000 1000000 1047
524000000 1000000 1048
524500000 1000000 1049
525000000 1000000 1050
525500000 1000000 1051
526000000 1000000 1052
526500000 1000000 1053
527000000 1000000 1054
527500000 1000000 1055
528000000 1000000 1056
528500000 1000000 1057
529000000 1000000 1058
529500000 1000000 1059
530000000 1000000 1060
530500000 1000000 1061
531000000 1000000 1062
531500000 1000000 1063
532000000 1000000 1064
532500000 1000000 1065
533000000 1000000 1066
533500000 1000000 1067
534000000 1000000 1068
534500000 1000000 1069
535000000 1000000 1070
535500000 1000000 1071
536000000 1000000 1072
536500000 1000000 1073
537000000 1000000 1074
537500000 1000000 1075
538000000 1000000 1076
538500000 1000000 1077
539000000 1000000 1078
539500000 1000000 1079
540000000 1000000 1080
540500000 1000000 1081
541000000 1000000 1082
541500000 1000000 1083
542000000 1000000 1084
542500000 1000000 1085
543000000 1000000 1086
543500000 1000000 1087
544000000 1000000 1088
544500000 1000000 1089
545000000 1000000 1090
545500000 1000000 1091
546000000 1000000 1092
546500000 1000000 1093
547000000 1000000 1094
547500000 1000000 1095
548000000 1000000 1096
548500000 1000000 1097
549000000 1000000 1098
549500000 1000000 1099
550000000 1000000 1100
550500000 1000000 1101
551000000 1000000 1102
551500000 1000000 1103
552000000 1000000 1104
552500000 1000000 1105
553000000 1000000 1106
553500000 1000000 1107
554000000 1000000 1108
554500000 1000000 1109
555000000 1000000 1110
555500000 1000000 1111
556000000 1000000 1112
556500000 1000000 1113
557000000 1000000 1114
557500000 1000000 1115
558000000 1000000 1116
558500000 1000000 1117
559000000 1000000 1118
559500000 1000000 1119
560000000 1000000 1120
560500000 1000000 1121
561000000 1000000 1122
561500000 1000000 1123
562000000 1000000 1124
562500000 1000000 1125
563000000 1000000 1126
563500000 1000000 1127
564000000 1000000 1128
564500000 1000000 1129
565000000 1000000 1130
565500000 1000000 1131
566000000 1000000 1132
566500000 1000000 1133
567000000 1000000 1134
567500000 1000000 1135
568000000 1000000 1136
568500000 1000000 1137
569000000 1000000 1138
569500000 1000000 1139
570000000 1000000 1140
570500000 1000000 1141
571000000 1000000 1142
571500000 1000000 1143
572000000 1000000 1144
572500000 1000000 1145
573000000 1000000 1146
573500000 1000000 1147
574000000 1000000 1148
574500000 1000000 1149
575000000 1000000 1150
575500000 1000000 1151
576000000 1000000 1152
576500000 1000000 1153
577000000 1000000 1154
577500000 1000000 1155
578000000 1000000 1156
578500000 1000000 1157
579000000 1000000 1158
579500000 1000000 1159
580000000 1000000 1160
580500000 1000000 1161
581000000 1000000 1162
581500000 1000000 1163
582000000 1000000 1164
582500000 1000000 1165
583000000 1000000 1166
583500000 1000000 1167
584000000 1000000 1168
584500000 1000000 1169
585000000 1000000 1170
585500000 1000000 1171
586000000 1000000 1172
586500000 1000000 1173
587000000 1000000 1174
587500000 1000000 1175
588000000 1000000 1176
588500000 1000000 1177
589000000 1000000 1178
589500000 1000000 1179
590000000 1000000 1180
590500000 1000000 1181
591000000 1000000 1182
591500000 1000000 1183
592000000 1000000 1184
592500000 1000000 1185
593000000 1000000 1186
593500000 1000000 1187
594000000 1000000 1188
594500000 1000000 1189
595000000 1000000 1190
595500000 1000000 1191
596000000 1000000 1192
596500000 1000000 1193
597000000 1000000 1194
597500000 1000000 1195
598000000 1000000 1196
598500000 1000000 1197
599000000 1000000 1198
599500000 1000000 1199
600000000 1000000 1200
600500000 1000000 1201
601000000 1000000 1202
601500000 1000000 1203
602000000 1000000 1204
602500000 1000000 1205
603000000 1000000 1206
603500000 1000000 1207
604000000 1000000 1208
604500000 1000000 1209
605000000 1000000 1210
605500000 1000000 1211
606000000 1000000 1212
606500000 1000000 1213
607000000 1000000 1214
607500000 1000000 1215
608000000 1000000 1216
608500000 1000000 1217
609000000 1000000 1218
609500000 1000000 1219
610000000 1000000 1220
610500000 1000000 1221
611000000 1000000 1222
611500000 1000000 1223
612000000 1000000 1224
612500000 1000000 1225
613000000 1000000 1226
613500000 1000000 1227
614000000 1000000 1228
614500000 1000000 1229
615000000 1000000 1230
615500000 1000000 1231
616000000 1000000 1232
616500000 1000000 1233
617000000 1000000 1234
617500000 1000000 1235
618000000 1000000 1236
618500000 1000000 1237
619000000 1000000 1238
619500000 1000000 1239
620000000 1000000 1240
620500000 1000000 1241
621000000 1000000 1242
621500000 1000000 1243
622000000 1000000 1244
622500000 1000000 1245
623000000 1000000 1246
623500000 1000000 1247
624000000 1000000 1248
624500000 1000000 1249
625000000 1000000 1250
625500000 1000000 1251
626000000 1000000 1252
626500000 1000000 1253
627000000 1000000 1254
627500000 1000000 1255
628000000 1000000 1256
628500000 1000000 1257
629000000 1000000 1258
629500000 1000000 1259
630000000 1000000 1260
630500000 1000000 1261
631000000 1000000 1262
631500000 1000000 1263
632000000 1000000 1264
632500000 1000000 1265
633000000 1000000 1266
633500000 1000000 1267
634000000 1000000 1268
634500000 1000000 1269
635000000 1000000 1270
635500000 1000000 1271
636000000 1000000 1272
636500000 1000000 1273
637000000 1000000 1274
637500000 1000000 1275
638000000 1000000 1276
638500000 1000000 1277
639000000 1000000 1278
639500000 1000000 1279
640000000 1000000 1280
640500000 1000000 1281
641000000 1000000 1282
641500000 1000000 1283
642000000 1000000 1284
642500000 1000000 1285
643000000 1000000 1286
643500000 1000000 1287
644000000 1000000 1288
644500000 1000000 1289
645000000 1000000 1290
645500000 1000000 1291
646000000 1000000 1292
646500000 1000000 1293
647000000 1000000 1294
647500000 1000000 1295
648000000 1000000 1296
648500000 1000000 1297
649000000 1000000 1298
649500000 1000000 1299
650000000 1000000 1300
650500000 1000000 1301
651000000 1000000 1302
651500000 1000000 1303
652000000 1000000 1304
652500000 1000000 1305
653000000 1000000 1306
653500000 1000000 1307
654000000 1000000 1308
654500000 1000000 1309
655000000 1000000 1310
655500000 1000000 1311
656000000 1000000 1312
656500000 1000000 1313
657000000 1000000 1314
657500000 1000000 1315
658000000 1000000 1316
658500000 1000000 1317
659000000 1000000 1318
659500000 1000000 1319
660000000 1000000 1320
660500000 1000000 1321
661000000 1000000 1322
661500000 1000000 1323
662000000 1000000 1324
662500000 1000000 1325
663000000 1000000 1326
663500000 1000000 1327
664000000 1000000 1328
664500000 1000000 1329
665000000 1000000 1330
665500000 1000000 1331
666000000 1000000 1332
666500000 1000000 1333
667000000 1000000 1334
667500000 1000000 1335
668000000 1000000 1336
668500000 1000000 1337
669000000 1000000 1338
669500000 1000000 1339
670000000 1000000 1340
670500000 1000000 1341
671000000 1000000 1342
671500000 1000000 1343
672000000 1000000 1344
672500000 1000000 1345
673000000 1000000 1346
673500000 1000000 1347
674000000 1000000 1348
674500000 1000000 1349
675000000 1000000 1350
675500000 1000000 1351
676000000 1000000 1352
676500000 1000000 1353
677000000 1000000 1354
677500000 1000000 1355
678000000 1000000 1356
678500000 1000000 1357
679000000 1000000 1358
679500000 1000000 1359
680000000 1000000 1360
680500000 1000000 1361
681000000 1000000 1362
681500000 1000000 1363
682000000 1000000 1364
682500000 1000000 1365
683000000 1000000 1366
683500000 1000000 1367
684000000 1000000 1368
684500000 1000000 1369
685000000 1000000 1370
685500000 1000000 1371
686000000 1000000 1372
686500000 1000000 1373
687000000 1000000 1374
687500000 1000000 1375
688000000 1000000 1376
688500000 1000000 1377
689000000 1000000 1378
689500000 1000000 1379
690000000 1000000 1380
690500000 1000000 1381
691000000 1000000 1382
691500000 1000000 1383
692000000 1000000 1384
692500000 1000000 1385
693000000 1000000 1386
693500000 1000000 1387
694000000 1000000 1388
694500000 1000000 1389
695000000 1000000 1390
695500000 1000000 1391
696000000 1000000 1392
696500000 1000000 1393
697000000 1000000 1394
697500000 1000000 1395
698000000 1000000 1396
698500000 1000000 1397
699000000 1000000 1398
699500000 1000000 1399
700000000 1000000 1400
700500000 1000000 1401
701000000 1000000 1402
701500000 1000000 1403
702000000 1000000 1404
702500000 1000000 1405
703000000 1000000 1406
703500000 1000000 1407
704000000 1000000 1408
704500000 1000000 1409
705000000 1000000 1410
705500000 1000000 1411
706000000 1000000 1412
706500000 1000000 1413
707000000 1000000 1414
707500000 1000000 1415
708000000 1000000 1416
708500000 1000000 1417
709000000 1000000 1418
709500000 1000000 1419
710000000 1000000 1420
710500000 1000000 1421
711000000 1000000 1422
711500000 1000000 1423
712000000 1000000 1424
712500000 1000000 1425
713000000 1000000 1426
713500000 1000000 1427
714000000 1000000 1428
714500000 1000000 1429
715000000 1000000 1430
715500000 1000000 1431
716000000 1000000 1432
716500000 1000000 1433
717000000 1000000 1434
717500000 1000000 1435
718000000 1000000 1436
718500000 1000000 1437
719000000 1000000 1438
719500000 1000000 1439
720000000 1000000 1440
720500000 1000000 1441
721000000 1000000 1442
721500000 1000000 1443
722000000 1000000 1444
722500000 1000000 1445
723000000 1000000 1446
723500000 1000000 1447
724000000 1000000 1448
724500000 1000000 1449
725000000 1000000 1450
725500000 1000000 1451
726000000 1000000 1452
726500000 1000000 1453
727000000 1000000 1454
727500000 1000000 1455
728000000 1000000 1456
728500000 1000000 1457
729000000 1000000 1458
729500000 1000000 1459
730000000 1000000 1460
730500000 1000000 1461
731000000 1000000 1462
731500000 1000000 1463
732000000 1000000 1464
732500000 1000000 1465
733000000 1000000 1466
733500000 1000000 1467
734000000 1000000 1468
734500000 1000000 1469
735000000 1000000 1470
735500000 1000000 1471
736000000 1000000 1472
736500000 1000000 1473
737000000 1000000 1474
737500000 1000000 1475
738000000 1000000 1476
738500000 1000000 1477
739000000 1000000 1478
739500000 1000000 1479
740000000 1000000 1480
740500000 1000000 1481
741000000 1000000 1482
741500000 1000000 1483
742000000 1000000 1484
742500000 1000000 1485
743000000 1000000 1486
743500000 1000000 1487
744000000 1000000 1488
744500000 1000000 1489
745000000 1000000 1490
745500000 1000000 1491
746000000 1000000 1492
746500000 1000000 1493
747000000 1000000 1494
747500000 1000000 1495
748000000 1000000 1496
748500000 1000000 1497
749000000 1000000 1498
749500000 1000000 1499
750000000 1000000 1500
750500000 1000000 1501
751000000 1000000 1502
751500000 1000000 1503
752000000 1000000 1504
752500000 1000000 1505
753000000 1000000 1506
753500000 1000000 1507
754000000 1000000 1508
754500000 1000000 1509
755000000 1000000 1510
755500000 1000000 1511
756000000 1000000 1512
756500000 1000000 1513
757000000 1000000 1514
757500000 1000000 1515
758000000 1000000 1516
758500000 1000000 1517
759000000 1000000 1518
759500000 1000000 1519
760000000 1000000 1520
760500000 1000000 1521
761000000 1000000 1522
761500000 1000000 1523
762000000 1000000 1524
762500000 1000000 1525
763000000 1000000 1526
763500000 1000000 1527
764000000 1000000 1528
764500000 1000000 1529
765000000 1000000 1530
765500000 1000000 1531
766000000 1000000 1532
766500000 1000000 1533
767000000 1000000 1534
767500000 1000000 1535
768000000 1000000 1536
768500000 1000000 1537
769000000 1000000 1538
769500000 1000000 1539
770000000 1000000 1540
770500000 1000000 1541
771000000 1000000 1542
771500000 1000000 1543
772000000 1000000 1544
772500000 1000000 1545
773000000 1000000 1546
773500000 1000000 1547
774000000 1000000 1548
774500000 1000000 1549
775000000 1000000 1550
775500000 1000000 1551
776000000 1000000 1552
776500000 1000000 1553
777000000 1000000 1554
777500000 1000000 1555
778000000 1000000 1556
778500000 1000000 1557
779000000 1000000 1558
779500000 1000000 1559
780000000 1000000 1560
780500000 1000000 1561
781000000 1000000 1562
781500000 1000000 1563
782000000 1000000 1564
782500000 1000000 1565
783000000 1000000 1566
783500000 1000000 1567
784000000 1000000 1568
784500000 1000000 1569
785000000 1000000 1570
785500000 1000000 1571
786000000 1000000 1572
786500000 1000000 1573
787000000 1000000 1574
787500000 1000000 1575
788000000 1000000 1576
788500000 1000000 1577
789000000 1000000 1578
789500000 1000000 1579
790000000 1000000 1580
790500000 1000000 1581
791000000 1000000 1582
791500000 1000000 1583
792000000 1000000 1584
792500000 1000000 1585
793000000 1000000 1586
793500000 1000000 1587
794000000 1000000 1588
794500000 1000000 1589
795000000 1000000 1590
795500000 1000000 1591
796000000 1000000 1592
796500000 1000000 1593
797000000 1000000 1594
797500000 1000000 1595
798000000 1000000 1596
798500000 1000000 1597
799000000 1000000 1598
799500000 1000000 1599
800000000 1000000 1600
800500000 1000000 1601
801000000 1000000 1602
801500000 1000000 1603
802000000 1000000 1604
802500000 1000000 1605
803000000 1000000 1606
803500000 1000000 1607
804000000 1000000 1608
804500000 1000000 1609
805000000 1000000 1610
805500000 1000000 1611
806000000 1000000 1612
806500000 1000000 1613
807000000 1000000 1614
807500000 1000000 1615
808000000 1000000 1616
808500000 1000000 1617
809000000 1000000 1618
809500000 1000000 1619
810000000 1000000 1620
810500000 1000000 1621
811000000 1000000 1622
811500000 1000000 1623
812000000 1000000 1624
812500000 1000000 1625
813000000 1000000 1626
813500000 1000000 1627
814000000 1000000 1628
814500000 1000000 1629
815000000 1000000 1630
815500000 1000000 1631
816000000 1000000 1632
816500000 1000000 1633
817000000 1000000 1634
817500000 1000000 1635
818000000 1000000 1636
818500000 1000000 1637
819000000 1000000 1638
819500000 1000000 1639
820000000 1000000 1640
820500000 1000000 1641
821000000 1000000 1642
821500000 1000000 1643
822000000 1000000 1644
822500000 1000000 1645
823000000 1000000 1646
823500000 1000000 1647
824000000 1000000 1648
824500000 1000000 1649
825000000 1000000 1650
825500000 1000000 1651
826000000 1000000 1652
826500000 1000000 1653
827000000 1000000 1654
827500000 1000000 1655
828000000 1000000 1656
828500000 1000000 1657
829000000 1000000 1658
829500000 1000000 1659
830000000 1000000 1660
830500000 1000000 1661
831000000 1000000 1662
831500000 1000000 1663
832000000 1000000 1664
832500000 1000000 1665
833000000 1000000 1666
833500000 1000000 1667
834000000 1000000 1668
834500000 1000000 1669
835000000 1000000 1670
835500000 1000000 1671
836000000 1000000 1672
836500000 1000000 1673
837000000 1000000 1674
837500000 1000000 1675
838000000 1000000 1676
838500000 1000000 1677
839000000 1000000 1678
839500000 1000000 1679
840000000 1000000 1680
840500000 1000000 1681
841000000 1000000 1682
841500000 1000000 1683
842000000 1000000 1684
842500000 1000000 1685
843000000 1000000 1686
843500000 1000000 1687
844000000 1000000 1688
844500000 1000000 1689
845000000 1000000 1690
845500000 1000000 1691
846000000 1000000 1692
846500000 1000000 1693
847000000 1000000 1694
847500000 1000000 1695
848000000 1000000 1696
848500000 1000000 1697
849000000 1000000 1698
849500000 1000000 1699
850000000 1000000 1700
850500000 1000000 1701
851000000 1000000 1702
851500000 1000000 1703
852000000 1000000 1704
852500000 1000000 1705
853000000 1000000 1706
853500000 1000000 1707
854000000 1000000 1708
854500000 1000000 1709
855000000 1000000 1710
855500000 1000000 1711
856000000 1000000 1712
856500000 1000000 1713
857000000 1000000 1714
857500000 1000000 1715
858000000 1000000 1716
858500000 1000000 1717
859000000 1000000 1718
859500000 1000000 1719
860000000 1000000 1720
860500000 1000000 1721
861000000 1000000 1722
861500000 1000000 1723
862000000 1000000 1724
862500000 1000000 1725
863000000 1000000 1726
863500000 1000000 1727
864000000 1000000 1728
864500000 1000000 1729
865000000 1000000 1730
865500000 1000000 1731
866000000 1000000 1732
866500000 1000000 1733
867000000 1000000 1734
867500000 1000000 1735
868000000 1000000 1736
868500000 1000000 1737
869000000 1000000 1738
869500000 1000000 1739
870000000 1000000 1740
870500000 1000000 1741
871000000 1000000 1742
871500000 1000000 1743
872000000 1000000 1744
872500000 1000000 1745
873000000 1000000 1746
873500000 1000000 1747
874000000 1000000 1748
874500000 1000000 1749
875000000 1000000 1750
875500000 1000000 1751
876000000 1000000 1752
876500000 1000000 1753
877000000 1000000 1754
877500000 1000000 1755
878000000 1000000 1756
878500000 1000000 1757
879000000 1000000 1758
879500000 1000000 1759
880000000 1000000 1760
880500000 1000000 1761
881000000 1000000 1762
881500000 1000000 1763
882000000 1000000 1764
882500000 1000000 1765
883000000 1000000 1766
883500000 1000000 1767
884000000 1000000 1768
884500000 1000000 1769
885000000 1000000 1770
885500000 1000000 1771
886000000 1000000 1772
886500000 1000000 1773
887000000 1000000 1774
887500000 1000000 1775
888000000 1000000 1776
888500000 1000000 1777
889000000 1000000 1778
889500000 1000000 1779
890000000 1000000 1780
890500000 1000000 1781
891000000 1000000 1782
891500000 1000000 1783
892000000 1000000 1784
892500000 1000000 1785
893000000 1000000 1786
893500000 1000000 1787
894000000 1000000 1788
894500000 1000000 1789
895000000 1000000 1790
895500000 1000000 1791
896000000 1000000 1792
896500000 1000000 1793
897000000 1000000 1794
897500000 1000000 1795
898000000 1000000 1796
898500000 1000000 1797
899000000 1000000 1798
899500000 1000000 1799
900000000 1000000 1800
900500000 1000000 1801
901000000 1000000 1802
901500000 1000000 1803
902000000 1000000 1804
902500000 1000000 1805
903000000 1000000 1806
903500000 1000000 1807
904000000 1000000 1808
904500000 1000000 1809
905000000 1000000 1810
905500000 1000000 1811
906000000 1000000 1812
906500000 1000000 1813
907000000 1000000 1814
907500000 1000000 1815
908000000 1000000 1816
908500000 1000000 1817
909000000 1000000 1818
909500000 1000000 1819
910000000 1000000 1820
910500000 1000000 1821
911000000 1000000 1822
911500000 1000000 1823
912000000 1000000 1824
912500000 1000000 1825
913000000 1000000 1826
913500000 1000000 1827
914000000 1000000 1828
914500000 1000000 1829
915000000 1000000 1830
915500000 1000000 1831
916000000 1000000 1832
916500000 1000000 1833
917000000 1000000 1834
917500000 1000000 1835
918000000 1000000 1836
918500000 1000000 1837
919000000 1000000 1838
919500000 1000000 1839
920000000 1000000 1840
920500000 1000000 1841
921000000 1000000 1842
921500000 1000000 1843
922000000 1000000 1844
922500000 1000000 1845
923000000 1000000 1846
923500000 1000000 1847
924000000 1000000 1848
924500000 1000000 1849
925000000 1000000 1850
925500000 1000000 1851
926000000 1000000 1852
926500000 1000000 1853
927000000 1000000 1854
927500000 1000000 1855
928000000 1000000 1856
928500000 1000000 1857
929000000 1000000 1858
929500000 1000000 1859
930000000 1000000 1860
930500000 1000000 1861
931000000 1000000 1862
931500000 1000000 1863
932000000 1000000 1864
932500000 1000000 1865
933000000 1000000 1866
933500000 1000000 1867
934000000 1000000 1868
934500000 1000000 1869
935000000 1000000 1870
935500000 1000000 1871
936000000 1000000 1872
936500000 1000000 1873
937000000 1000000 1874
937500000 1000000 1875
938000000 1000000 1876
938500000 1000000 1877
939000000 1000000 1878
939500000 1000000 1879
940000000 1000000 1880
940500000 1000000 1881
941000000 1000000 1882
941500000 1000000 1883
942000000 1000000 1884
942500000 1000000 1885
943000000 1000000 1886
943500000 1000000 1887
944000000 1000000 1888
944500000 1000000 1889
945000000 1000000 1890
945500000 1000000 1891
946000000 1000000 1892
946500000 1000000 1893
947000000 1000000 1894
947500000 1000000 1895
948000000 1000000 1896
948500000 1000000 1897
949000000 1000000 1898
949500000 1000000 1899
950000000 1000000 1900
950500000 1000000 1901
951000000 1000000 1902
951500000 1000000 1903
952000000 1000000 1904
952500000 1000000 1905
953000000 1000000 1906
953500000 1000000 1907
954000000 1000000 1908
954500000 1000000 1909
955000000 1000000 1910
955500000 1000000 1911
956000000 1000000 1912
956500000 1000000 1913
957000000 1000000 1914
957500000 1000000 1915
958000000 1000000 1916
958500000 1000000 1917
959000000 1000000 1918
959500000 1000000 1919
960000000 1000000 1920
960500000 1000000 1921
961000000 1000000 1922
961500000 1000000 1923
962000000 1000000 1924
962500000 1000000 1925
963000000 1000000 1926
963500000 1000000 1927
964000000 1000000 1928
964500000 1000000 1929
965000000 1000000 1930
965500000 1000000 1931
966000000 1000000 1932
966500000 1000000 1933
967000000 1000000 1934
967500000 1000000 1935
968000000 1000000 1936
968500000 1000000 1937
969000000 1000000 1938
969500000 1000000 1939
970000000 1000000 1940
970500000 1000000 1941
971000000 1000000 1942
971500000 1000000 1943
972000000 1000000 1944
972500000 1000000 1945
973000000 1000000 1946
973500000 1000000 1947
974000000 1000000 1948
974500000 1000000 1949
975000000 1000000 1950
975500000 1000000 1951
976000000 1000000 1952
976500000 1000000 1953
977000000 1000000 1954
977500000 1000000 1955
978000000 1000000 1956
978500000 1000000 1957
979000000 1000000 1958
979500000 1000000 1959
980000000 1000000 1960
980500000 1000000 1961
981000000 1000000 1962
981500000 1000000 1963
982000000 1000000 1964
982500000 1000000 1965
983000000 1000000 1966
983500000 1000000 1967
984000000 1000000 1968
984500000 1000000 1969
985000000 1000000 1970
985500000 1000000 1971
986000000 1000000 1972
986500000 1000000 1973
987000000 1000000 1974
987500000 1000000 1975
988000000 1000000 1976
988500000 1000000 1977
989000000 1000000 1978
989500000 1000000 1979
990000000 1000000 1980
990500000 1000000 1981
991000000 1000000 1982
991500000 1000000 1983
992000000 1000000 1984
992500000 1000000 1985
993000000 1000000 1986
993500000 1000000 1987
994000000 1000000 1988
994500000 1000000 1989
995000000 1000000 1990
995500000 1000000 1991
996000000 1000000 1992
996500000 1000000 1993
997000000 1000000 1994
997500000 1000000 1995
998000000 1000000 1996
998500000 1000000 1997
999000000 1000000 1998
999500000 1000000 1999
