568
-1021 -1
-1020 -21
-1019 -40
-1018 -58
-1017 -75
-1016 -91
-1015 -106
-1014 -120
-1013 -133
-1012 -145
-1011 -156
-1010 -166
-1008 -185
-1007 -194
-1005 -211
-1004 -219
-1002 -234
-1001 -241
-999 -254
-998 -260
-995 -277
-993 -288
-990 -304
-989 -309
-986 -323
-984 -332
-981 -345
-977 -362
-976 -366
-972 -381
-969 -392
-967 -399
-964 -409
-960 -422
-955 -438
-954 -441
-949 -455
-945 -466
-942 -474
-937 -487
-935 -492
-930 -504
-927 -511
-923 -520
-918 -531
-912 -544
-911 -546
-904 -559
-898 -570
-893 -579
-889 -586
-882 -598
-879 -603
-871 -616
-866 -624
-859 -635
-857 -638
-848 -651
-841 -661
-836 -668
-828 -679
-825 -683
-818 -692
-814 -697
-805 -708
-800 -714
-794 -721
-787 -729
-779 -738
-770 -748
-760 -759
-759 -760
-748 -770
-738 -779
-729 -787
-721 -794
-714 -800
-708 -805
-697 -814
-692 -818
-683 -825
-679 -828
-668 -836
-661 -841
-651 -848
-638 -857
-635 -859
-624 -866
-616 -871
-603 -879
-598 -882
-586 -889
-579 -893
-570 -898
-559 -904
-546 -911
-544 -912
-531 -918
-520 -923
-511 -927
-504 -930
-492 -935
-487 -937
-474 -942
-466 -945
-455 -949
-441 -954
-438 -955
-422 -960
-409 -964
-399 -967
-392 -969
-381 -972
-366 -976
-362 -977
-345 -981
-332 -984
-323 -986
-309 -989
-304 -990
-288 -993
-277 -995
-260 -998
-254 -999
-241 -1001
-234 -1002
-219 -1004
-211 -1005
-194 -1007
-185 -1008
-166 -1010
-156 -1011
-145 -1012
-133 -1013
-120 -1014
-106 -1015
-91 -1016
-75 -1017
-58 -1018
-40 -1019
-21 -1020
-1 -1021
1 -1021
21 -1020
40 -1019
58 -1018
75 -1017
91 -1016
106 -1015
120 -1014
133 -1013
145 -1012
156 -1011
166 -1010
185 -1008
194 -1007
211 -1005
219 -1004
234 -1002
241 -1001
254 -999
260 -998
277 -995
288 -993
304 -990
309 -989
323 -986
332 -984
345 -981
362 -977
366 -976
381 -972
392 -969
399 -967
409 -964
422 -960
438 -955
441 -954
455 -949
466 -945
474 -942
487 -937
492 -935
504 -930
511 -927
520 -923
531 -918
544 -912
546 -911
559 -904
570 -898
579 -893
586 -889
598 -882
603 -879
616 -871
624 -866
635 -859
638 -857
651 -848
661 -841
668 -836
679 -828
683 -825
692 -818
697 -814
708 -805
714 -800
721 -794
729 -787
738 -779
748 -770
759 -760
760 -759
770 -748
779 -738
787 -729
794 -721
800 -714
805 -708
814 -697
818 -692
825 -683
828 -679
836 -668
841 -661
848 -651
857 -638
859 -635
866 -624
871 -616
879 -603
882 -598
889 -586
893 -579
898 -570
904 -559
911 -546
912 -544
918 -531
923 -520
927 -511
930 -504
935 -492
937 -487
942 -474
945 -466
949 -455
954 -441
955 -438
960 -422
964 -409
967 -399
969 -392
972 -381
976 -366
977 -362
981 -345
984 -332
986 -323
989 -309
990 -304
993 -288
995 -277
998 -260
999 -254
1001 -241
1002 -234
1004 -219
1005 -211
1007 -194
1008 -185
1010 -166
1011 -156
1012 -145
1013 -133
1014 -120
1015 -106
1016 -91
1017 -75
1018 -58
1019 -40
1020 -21
1021 -1
1021 1
1020 21
1019 40
1018 58
1017 75
1016 91
1015 106
1014 120
1013 133
1012 145
1011 156
1010 166
1008 185
1007 194
1005 211
1004 219
1002 234
1001 241
999 254
998 260
995 277
993 288
990 304
989 309
986 323
984 332
981 345
977 362
976 366
972 381
969 392
967 399
964 409
960 422
955 438
954 441
949 455
945 466
942 474
937 487
935 492
930 504
927 511
923 520
918 531
912 544
911 546
904 559
898 570
893 579
889 586
882 598
879 603
871 616
866 624
859 635
857 638
848 651
841 661
836 668
828 679
825 683
818 692
814 697
805 708
800 714
794 721
787 729
779 738
770 748
760 759
759 760
748 770
738 779
729 787
721 794
714 800
708 805
697 814
692 818
683 825
679 828
668 836
661 841
651 848
638 857
635 859
624 866
616 871
603 879
598 882
586 889
579 893
570 898
559 904
546 911
544 912
531 918
520 923
511 927
504 930
492 935
487 937
474 942
466 945
455 949
441 954
438 955
422 960
409 964
399 967
392 969
381 972
366 976
362 977
345 981
332 984
323 986
309 989
304 990
288 993
277 995
260 998
254 999
241 1001
234 1002
219 1004
211 1005
194 1007
185 1008
166 1010
156 1011
145 1012
133 1013
120 1014
106 1015
91 1016
75 1017
58 1018
40 1019
21 1020
1 1021
-1 1021
-21 1020
-40 1019
-58 1018
-75 1017
-91 1016
-106 1015
-120 1014
-133 1013
-145 1012
-156 1011
-166 1010
-185 1008
-194 1007
-211 1005
-219 1004
-234 1002
-241 1001
-254 999
-260 998
-277 995
-288 993
-304 990
-309 989
-323 986
-332 984
-345 981
-362 977
-366 976
-381 972
-392 969
-399 967
-409 964
-422 960
-438 955
-441 954
-455 949
-466 945
-474 942
-487 937
-492 935
-504 930
-511 927
-520 923
-531 918
-544 912
-546 911
-559 904
-570 898
-579 893
-586 889
-598 882
-603 879
-616 871
-624 866
-635 859
-638 857
-651 848
-661 841
-668 836
-679 828
-683 825
-692 818
-697 814
-708 805
-714 800
-721 794
-729 787
-738 779
-748 770
-759 760
-760 759
-770 748
-779 738
-787 729
-794 721
-800 714
-805 708
-814 697
-818 692
-825 683
-828 679
-836 668
-841 661
-848 651
-857 638
-859 635
-866 624
-871 616
-879 603
-882 598
-889 586
-893 579
-898 570
-904 559
-911 546
-912 544
-918 531
-923 520
-927 511
-930 504
-935 492
-937 487
-942 474
-945 466
-949 455
-954 441
-955 438
-960 422
-964 409
-967 399
-969 392
-972 381
-976 366
-977 362
-981 345
-984 332
-986 323
-989 309
-990 304
-993 288
-995 277
-998 260
-999 254
-1001 241
-1002 234
-1004 219
-1005 211
-1007 194
-1008 185
-1010 166
-1011 156
-1012 145
-1013 133
-1014 120
-1015 106
-1016 91
-1017 75
-1018 58
-1019 40
-1020 21
-1021 1
