450
-1024 -1024
-1023 -1024
-998 -1023
-974 -1022
-951 -1021
-929 -1020
-908 -1019
-888 -1018
-869 -1017
-851 -1016
-834 -1015
-818 -1014
-803 -1013
-789 -1012
-776 -1011
-764 -1010
-741 -1008
-730 -1007
-709 -1005
-699 -1004
-680 -1002
-671 -1001
-654 -999
-646 -998
-623 -995
-608 -993
-586 -990
-579 -989
-559 -986
-546 -984
-527 -981
-521 -980
-504 -977
-493 -975
-477 -972
-456 -968
-451 -967
-432 -963
-418 -960
-409 -958
-387 -953
-374 -950
-357 -946
-336 -941
-332 -940
-313 -935
-298 -931
-287 -928
-269 -923
-262 -921
-245 -916
-235 -913
-222 -909
-206 -904
-187 -898
-184 -897
-164 -890
-147 -884
-133 -879
-122 -875
-103 -868
-95 -865
-82 -860
-64 -853
-59 -851
-42 -844
-30 -839
-11 -831
-4 -828
12 -821
21 -817
32 -812
45 -806
60 -799
77 -791
79 -790
96 -781
111 -773
124 -766
135 -760
144 -755
160 -746
167 -742
179 -735
196 -725
201 -722
214 -714
222 -709
233 -702
247 -693
250 -691
266 -680
279 -671
289 -664
296 -659
307 -651
322 -640
326 -637
339 -627
348 -620
362 -609
367 -605
378 -596
384 -591
397 -580
404 -574
412 -567
421 -559
431 -550
442 -540
454 -529
467 -517
481 -504
482 -503
495 -489
507 -476
518 -464
528 -453
537 -443
545 -434
552 -426
558 -419
569 -406
574 -400
583 -389
587 -384
598 -370
605 -361
615 -348
618 -344
629 -329
637 -318
642 -311
649 -301
658 -288
669 -272
671 -269
680 -255
687 -244
692 -236
700 -223
703 -218
713 -201
720 -189
724 -182
733 -166
738 -157
744 -146
751 -133
759 -118
768 -101
769 -99
777 -82
784 -67
790 -54
795 -43
799 -34
806 -18
809 -11
817 8
822 20
829 37
831 42
838 60
843 73
846 81
853 100
857 111
862 125
868 142
875 162
876 165
882 184
887 200
891 213
894 223
899 240
901 247
906 265
909 276
913 291
918 310
919 314
924 335
928 352
931 365
936 387
938 396
941 410
945 429
946 434
950 455
953 471
955 482
958 499
959 505
962 524
964 537
967 557
968 564
971 586
973 601
976 624
977 632
979 649
980 658
982 677
983 687
985 708
986 719
988 742
989 754
990 767
991 781
992 796
993 812
994 829
995 847
996 866
997 886
998 907
999 929
1000 952
1001 976
1002 1001
1002 1002
1001 1002
976 1001
952 1000
929 999
907 998
886 997
866 996
847 995
829 994
812 993
796 992
781 991
767 990
754 989
742 988
719 986
708 985
687 983
677 982
658 980
649 979
632 977
624 976
601 973
586 971
564 968
557 967
537 964
524 962
505 959
499 958
482 955
471 953
455 950
434 946
429 945
410 941
396 938
387 936
365 931
352 928
335 924
314 919
310 918
291 913
276 909
265 906
247 901
240 899
223 894
213 891
200 887
184 882
165 876
162 875
142 868
125 862
111 857
100 853
81 846
73 843
60 838
42 831
37 829
20 822
8 817
-11 809
-18 806
-34 799
-43 795
-54 790
-67 784
-82 777
-99 769
-101 768
-118 759
-133 751
-146 744
-157 738
-166 733
-182 724
-189 720
-201 713
-218 703
-223 700
-236 692
-244 687
-255 680
-269 671
-272 669
-288 658
-301 649
-311 642
-318 637
-329 629
-344 618
-348 615
-361 605
-370 598
-384 587
-389 583
-400 574
-406 569
-419 558
-426 552
-434 545
-443 537
-453 528
-464 518
-476 507
-489 495
-503 482
-504 481
-517 467
-529 454
-540 442
-550 431
-559 421
-567 412
-574 404
-580 397
-591 384
-596 378
-605 367
-609 362
-620 348
-627 339
-637 326
-640 322
-651 307
-659 296
-664 289
-671 279
-680 266
-691 250
-693 247
-702 233
-709 222
-714 214
-722 201
-725 196
-735 179
-742 167
-746 160
-755 144
-760 135
-766 124
-773 111
-781 96
-790 79
-791 77
-799 60
-806 45
-812 32
-817 21
-821 12
-828 -4
-831 -11
-839 -30
-844 -42
-851 -59
-853 -64
-860 -82
-865 -95
-868 -103
-875 -122
-879 -133
-884 -147
-890 -164
-897 -184
-898 -187
-904 -206
-909 -222
-913 -235
-916 -245
-921 -262
-923 -269
-928 -287
-931 -298
-935 -313
-940 -332
-941 -336
-946 -357
-950 -374
-953 -387
-958 -409
-960 -418
-963 -432
-967 -451
-968 -456
-972 -477
-975 -493
-977 -504
-980 -521
-981 -527
-984 -546
-986 -559
-989 -579
-990 -586
-993 -608
-995 -623
-998 -646
-999 -654
-1001 -671
-1002 -680
-1004 -699
-1005 -709
-1007 -730
-1008 -741
-1010 -764
-1011 -776
-1012 -789
-1013 -803
-1014 -818
-1015 -834
-1016 -851
-1017 -869
-1018 -888
-1019 -908
-1020 -929
-1021 -951
-1022 -974
-1023 -998
-1024 -1023
