236
-59 1022
-88 1021
-107 1020
-121 1019
-132 1018
-141 1017
-194 1010
-207 1008
-224 1005
-229 1004
-278 993
-282 992
-329 979
-352 972
-355 971
-366 967
-409 950
-416 947
-457 928
-459 927
-472 920
-491 909
-528 886
-531 884
-538 879
-555 866
-566 857
-574 850
-605 821
-606 820
-635 789
-642 781
-651 770
-664 753
-669 746
-671 743
-694 706
-705 687
-712 674
-713 672
-732 631
-735 624
-752 581
-756 570
-757 567
-764 544
-777 497
-778 493
-789 444
-790 439
-793 422
-795 409
-802 356
-803 347
-804 336
-805 322
-806 303
-807 274
-808 215
-807 156
-806 127
-805 108
-804 94
-803 83
-802 74
-795 21
-793 8
-790 -9
-789 -14
-778 -63
-777 -67
-764 -114
-757 -137
-756 -140
-752 -151
-735 -194
-732 -201
-713 -242
-712 -244
-705 -257
-694 -276
-671 -313
-669 -316
-664 -323
-651 -340
-642 -351
-635 -359
-606 -390
-605 -391
-574 -420
-566 -427
-555 -436
-538 -449
-531 -454
-528 -456
-491 -479
-472 -490
-459 -497
-457 -498
-416 -517
-409 -520
-366 -537
-355 -541
-352 -542
-329 -549
-282 -562
-278 -563
-229 -574
-224 -575
-207 -578
-194 -580
-141 -587
-132 -588
-121 -589
-107 -590
-88 -591
-59 -592
0 -593
59 -592
88 -591
107 -590
121 -589
132 -588
141 -587
194 -580
207 -578
224 -575
229 -574
278 -563
282 -562
329 -549
352 -542
355 -541
366 -537
409 -520
416 -517
457 -498
459 -497
472 -490
491 -479
528 -456
531 -454
538 -449
555 -436
566 -427
574 -420
605 -391
606 -390
635 -359
642 -351
651 -340
664 -323
669 -316
671 -313
694 -276
705 -257
712 -244
713 -242
732 -201
735 -194
752 -151
756 -140
757 -137
764 -114
777 -67
778 -63
789 -14
790 -9
793 8
795 21
802 74
803 83
804 94
805 108
806 127
807 156
808 215
807 274
806 303
805 322
804 336
803 347
802 356
795 409
793 422
790 439
789 444
778 493
777 497
764 544
757 567
756 570
752 581
735 624
732 631
713 672
712 674
705 687
694 706
671 743
669 746
664 753
651 770
642 781
635 789
606 820
605 821
574 850
566 857
555 866
538 879
531 884
528 886
491 909
472 920
459 927
457 928
416 947
409 950
366 967
355 971
352 972
329 979
282 992
278 993
229 1004
224 1005
207 1008
194 1010
141 1017
132 1018
121 1019
107 1020
88 1021
59 1022
0 1023
